00111100000000011000000000000000
00110100001000010010001000010001
00111100000000100010000000000000
00110100010000100100010000110011
00000000010000010001100000100000
10101100000000110000000000000000
00111100000001001100000000000000
00110100100001000101010101100110
00000000011001000010100000100010
10101100000001010000000000000100
10001100000001100000000000000000
00101000110001110111111111111111
00010100111000000000000000000001
00001000000000000000110000010000
00000000010000110100000000101010
00010001000000001111111111111101
00000000000000010100100100000000
00000000000000010101000100000010
00000000000000010101100100000011
00110100000011010001001000110100
00110100000011100000000011111111
00000001101011100111100000100100
00111100000100001111111111111111
00000001101100001000100000100101
00001100000000000000110000011010
00001000000000000000110000000000
00000000010000011001000000100001
00000000011001001001100000100011
10001100000101000000000000000000
10101100000101000000000000001000
00111100000000010000000000000000
00110100001000011000000000000000
00000010100000011010100000100000
00100010100101101111000000000000
00000011111000000000000000001000
