3c091000
00000000
00000000
00000000
352b1008
00000000
00000000
00000000
ac0b0000
3c091000
00000000
00000000
00000000
352b1002
00000000
00000000
00000000
ac0b0004
3c098000
00000000
00000000
00000000
352b1001
00000000
00000000
00000000
ac0b0008
3c091000
00000000
00000000
00000000
352b1005
00000000
00000000
00000000
ac0b000c
3c098000
00000000
00000000
00000000
352b1000
00000000
00000000
00000000
ac0b0010
3c09ffff
00000000
00000000
00000000
352b8000
00000000
00000000
00000000
ac0b0014
20040000
20050006
00000000
00000000
00000000
0c000c48
8c880000
8ca90000
00000000
00000000
00000000
aca80000
ac890000
00000000
00000000
00000000
03e00008
00000000
20100000
00809020
00a09820
00000000
00000000
00000000
0213402a
00000000
00000000
00000000
1100002d
00000000
2211ffff
00000000
00000000
00000000
2a280000
00000000
00000000
00000000
1500001d
00000000
00114880
01325020
00000000
00000000
00000000
8d4b0000
8d4c0004
00000000
00000000
00000000
016c402a
00000000
00000000
00000000
1100000d
00000000
000a2020
20850004
00000000
00000000
00000000
0c000c3c
2231ffff
00000000
00000000
00000000
08000c58
00000000
22100001
00000000
00000000
00000000
08000c4e
00000000
3c010000
3421ffff
00010820
00000000
00000000
00000000
00000000
00000000
08000c8a
00000000
08000c88
00000000
